===== genova: 1024 logs, 1024 draws with result dirs
segments per log: {18: 1024}
label         finish  newton  detJ0  crash  siexc  median_nrad  fail@10m  fail@50km..  fail>=1500km
S+Si_0.00          0      62    778    184      0        29        20    723    281
S+Si_0.01          0      66    735    223      0        29        43    602    379
S+Si_0.02          0      79    671    274      0        30        86    487    451
S+Si_0.03          0      74    627    323      0        30       155    361    508
S+Si_0.04          0      63    563    398      0        30       251    276    497
S+Si_0.05          0      44    448    532      0        29       404    189    431
S+Si_0.06          0      39    369    616      0        26       500    132    392
S+Si_0.07          0      22    292    710      0         1       618     80    326
S+Si_0.08          0      12    223    789      0         1       724     48    252
S+Si_0.09          0      15    163    846      0         1       808     32    184
S+Si_0.10          0       9    113    902      0         1       874     14    136
S+Si_0.11          0       7     67    950      0         1       930      9     85
S+Si_0.12          0       0     46    978      0         1       964      5     55
S+Si_0.13          0       0      0      0   1024         1      1024      0      0
S+Si_0.14          0       0      0      0   1024         1      1024      0      0
S+Si_0.15          0       0      0      0   1024         1      1024      0      0
S_0.00             0      62    779    183      0        29        18    725    281
Si_0.00          602      49      0    373      0        40        18     14    390
death (last radius attempted, end) top: [((10.0, 'crash_stderr'), 6388), ((1550010.0, 'detJ0'), 695), ((1600010.0, 'detJ0'), 688), ((1650010.0, 'detJ0'), 643), ((1500010.0, 'detJ0'), 635), ((1450010.0, 'detJ0'), 536), ((1400010.0, 'detJ0'), 468), ((1700010.0, 'detJ0'), 429), ((1350010.0, 'detJ0'), 411), ((1950010.0, 'crash_stderr'), 374), ((1300010.0, 'detJ0'), 363), ((1250010.0, 'detJ0'), 260), ((1700010.0, 'crash_stderr'), 234), ((1200010.0, 'detJ0'), 224)]
